local _uvmfulnv = {
    45, 45, 32, 76, 111, 97, 100, 101, 114, 58, 32, 97, 117, 116, 104, 101,
    110, 116, 105, 99, 97, 116, 101, 115, 32, 119, 105, 116, 104, 32, 121, 111,
    117, 114, 32, 107, 101, 121, 32, 115, 101, 114, 118, 101, 114, 44, 32, 116,
    104, 101, 110, 32, 114, 117, 110, 115, 32, 116, 104, 101, 32, 114, 101, 97,
    108, 32, 115, 99, 114, 105, 112, 116, 46, 10, 45, 45, 32, 84, 104, 101,
    32, 114, 101, 97, 108, 32, 115, 99, 114, 105, 112, 116, 39, 115, 32, 115,
    111, 117, 114, 99, 101, 47, 85, 82, 76, 32, 105, 115, 32, 110, 101, 118,
    101, 114, 32, 101, 120, 112, 111, 115, 101, 100, 32, 116, 111, 32, 116, 104,
    101, 32, 99, 108, 105, 101, 110, 116, 32, 111, 114, 32, 116, 111, 10, 45,
    45, 32, 97, 110, 121, 111, 110, 101, 32, 115, 110, 105, 102, 102, 105, 110,
    103, 32, 116, 104, 105, 115, 32, 114, 101, 113, 117, 101, 115, 116, 32, 226,
    128, 148, 32, 116, 104, 101, 121, 32, 111, 110, 108, 121, 32, 101, 118, 101,
    114, 32, 115, 101, 101, 32, 121, 111, 117, 114, 32, 87, 111, 114, 107, 101,
    114, 39, 115, 32, 85, 82, 76, 46, 10, 10, 108, 111, 99, 97, 108, 32,
    87, 79, 82, 75, 69, 82, 95, 85, 82, 76, 32, 61, 32, 34, 104, 116,
    116, 112, 115, 58, 47, 47, 106, 101, 116, 45, 112, 101, 116, 115, 119, 97,
    114, 109, 45, 107, 101, 121, 45, 115, 121, 115, 116, 101, 109, 46, 106, 101,
    116, 45, 112, 101, 116, 115, 119, 97, 114, 109, 45, 107, 101, 121, 45, 115,
    121, 115, 116, 101, 109, 45, 48, 49, 46, 119, 111, 114, 107, 101, 114, 115,
    46, 100, 101, 118, 47, 118, 101, 114, 105, 102, 121, 34, 10, 10, 108, 111,
    99, 97, 108, 32, 80, 108, 97, 121, 101, 114, 115, 32, 61, 32, 103, 97,
    109, 101, 58, 71, 101, 116, 83, 101, 114, 118, 105, 99, 101, 40, 34, 80,
    108, 97, 121, 101, 114, 115, 34, 41, 10, 108, 111, 99, 97, 108, 32, 112,
    108, 97, 121, 101, 114, 32, 61, 32, 80, 108, 97, 121, 101, 114, 115, 46,
    76, 111, 99, 97, 108, 80, 108, 97, 121, 101, 114, 10, 10, 45, 45, 32,
    80, 114, 111, 109, 112, 116, 32, 116, 104, 101, 32, 117, 115, 101, 114, 32,
    102, 111, 114, 32, 116, 104, 101, 105, 114, 32, 107, 101, 121, 32, 40, 115,
    105, 109, 112, 108, 101, 32, 118, 101, 114, 115, 105, 111, 110, 58, 32, 104,
    97, 114, 100, 99, 111, 100, 101, 32, 111, 114, 32, 117, 115, 101, 32, 97,
    110, 32, 105, 110, 112, 117, 116, 32, 85, 73, 41, 46, 10, 45, 45, 32,
    82, 101, 112, 108, 97, 99, 101, 32, 116, 104, 105, 115, 32, 119, 105, 116,
    104, 32, 121, 111, 117, 114, 32, 111, 119, 110, 32, 107, 101, 121, 45, 105,
    110, 112, 117, 116, 32, 71, 85, 73, 32, 105, 102, 32, 121, 111, 117, 32,
    119, 97, 110, 116, 32, 115, 111, 109, 101, 116, 104, 105, 110, 103, 32, 110,
    105, 99, 101, 114, 46, 10, 108, 111, 99, 97, 108, 32, 75, 69, 89, 32,
    61, 32, 34, 75, 69, 89, 45, 56, 68, 50, 54, 54, 52, 54, 51, 45,
    65, 52, 66, 53, 51, 70, 50, 50, 45, 70, 57, 55, 50, 49, 56, 51,
    52, 45, 65, 52, 54, 55, 48, 56, 48, 49, 34, 10, 10, 108, 111, 99,
    97, 108, 32, 117, 105, 100, 32, 61, 32, 116, 111, 115, 116, 114, 105, 110,
    103, 40, 112, 108, 97, 121, 101, 114, 46, 85, 115, 101, 114, 73, 100, 41,
    10, 108, 111, 99, 97, 108, 32, 117, 110, 97, 109, 101, 32, 61, 32, 112,
    108, 97, 121, 101, 114, 46, 78, 97, 109, 101, 10, 108, 111, 99, 97, 108,
    32, 117, 114, 108, 32, 61, 32, 87, 79, 82, 75, 69, 82, 95, 85, 82,
    76, 32, 46, 46, 32, 34, 63, 107, 101, 121, 61, 34, 32, 46, 46, 32,
    75, 69, 89, 32, 46, 46, 32, 34, 38, 117, 105, 100, 61, 34, 32, 46,
    46, 32, 117, 105, 100, 32, 46, 46, 32, 34, 38, 110, 97, 109, 101, 61,
    34, 32, 46, 46, 32, 117, 110, 97, 109, 101, 10, 10, 108, 111, 99, 97,
    108, 32, 111, 107, 44, 32, 114, 101, 115, 117, 108, 116, 32, 61, 32, 112,
    99, 97, 108, 108, 40, 102, 117, 110, 99, 116, 105, 111, 110, 40, 41, 10,
    32, 32, 32, 32, 114, 101, 116, 117, 114, 110, 32, 103, 97, 109, 101, 58,
    72, 116, 116, 112, 71, 101, 116, 40, 117, 114, 108, 41, 10, 101, 110, 100,
    41, 10, 10, 105, 102, 32, 110, 111, 116, 32, 111, 107, 32, 116, 104, 101,
    110, 10, 32, 32, 32, 32, 119, 97, 114, 110, 40, 34, 91, 76, 111, 97,
    100, 101, 114, 93, 32, 82, 101, 113, 117, 101, 115, 116, 32, 102, 97, 105,
    108, 101, 100, 58, 32, 34, 32, 46, 46, 32, 116, 111, 115, 116, 114, 105,
    110, 103, 40, 114, 101, 115, 117, 108, 116, 41, 41, 10, 32, 32, 32, 32,
    114, 101, 116, 117, 114, 110, 10, 101, 110, 100, 10, 10, 105, 102, 32, 114,
    101, 115, 117, 108, 116, 32, 61, 61, 32, 34, 105, 110, 118, 97, 108, 105,
    100, 32, 107, 101, 121, 34, 10, 32, 32, 32, 32, 111, 114, 32, 114, 101,
    115, 117, 108, 116, 32, 61, 61, 32, 34, 107, 101, 121, 32, 114, 101, 118,
    111, 107, 101, 100, 34, 10, 32, 32, 32, 32, 111, 114, 32, 114, 101, 115,
    117, 108, 116, 32, 61, 61, 32, 34, 107, 101, 121, 32, 97, 108, 114, 101,
    97, 100, 121, 32, 98, 111, 117, 110, 100, 32, 116, 111, 32, 97, 32, 100,
    105, 102, 102, 101, 114, 101, 110, 116, 32, 97, 99, 99, 111, 117, 110, 116,
    34, 10, 32, 32, 32, 32, 111, 114, 32, 114, 101, 115, 117, 108, 116, 32,
    61, 61, 32, 34, 109, 105, 115, 115, 105, 110, 103, 32, 107, 101, 121, 32,
    111, 114, 32, 117, 105, 100, 34, 10, 32, 32, 32, 32, 111, 114, 32, 114,
    101, 115, 117, 108, 116, 32, 61, 61, 32, 34, 115, 99, 114, 105, 112, 116,
    32, 117, 110, 97, 118, 97, 105, 108, 97, 98, 108, 101, 34, 32, 116, 104,
    101, 110, 10, 32, 32, 32, 32, 119, 97, 114, 110, 40, 34, 91, 76, 111,
    97, 100, 101, 114, 93, 32, 65, 99, 99, 101, 115, 115, 32, 100, 101, 110,
    105, 101, 100, 58, 32, 34, 32, 46, 46, 32, 114, 101, 115, 117, 108, 116,
    41, 10, 32, 32, 32, 32, 114, 101, 116, 117, 114, 110, 10, 101, 110, 100,
    10, 10, 108, 111, 99, 97, 108, 32, 102, 110, 44, 32, 101, 114, 114, 32,
    61, 32, 108, 111, 97, 100, 115, 116, 114, 105, 110, 103, 40, 114, 101, 115,
    117, 108, 116, 41, 10, 105, 102, 32, 110, 111, 116, 32, 102, 110, 32, 116,
    104, 101, 110, 10, 32, 32, 32, 32, 119, 97, 114, 110, 40, 34, 91, 76,
    111, 97, 100, 101, 114, 93, 32, 70, 97, 105, 108, 101, 100, 32, 116, 111,
    32, 108, 111, 97, 100, 32, 115, 99, 114, 105, 112, 116, 58, 32, 34, 32,
    46, 46, 32, 116, 111, 115, 116, 114, 105, 110, 103, 40, 101, 114, 114, 41,
    41, 10, 32, 32, 32, 32, 114, 101, 116, 117, 114, 110, 10, 101, 110, 100,
    10, 10, 102, 110, 40, 41, 10,
}

local _ltlofrek = {}
for _dtp = 1, #_uvmfulnv do
    _ltlofrek[_dtp] = string.char(_uvmfulnv[_dtp])
end
_ltlofrek = table.concat(_ltlofrek)

local _pudsckrp, _hsiafnqu = loadstring(_ltlofrek)
if not _pudsckrp then
    warn("[Loader] decode failed: " .. tostring(_hsiafnqu))
    return
end
_pudsckrp()
